-1.651826457539272042e+00
1.206661734486675996e+01
1.985180987976079336e+01
1.768911412195499011e+01
1.781501348918157035e+01
2.014592554076597963e+01
6.981769648775216552e+00
-5.499906587953947934e+00
1.025835443642194988e+01
1.202108667429490474e+01
1.332822956788026048e+01
2.933178702649529157e+01
2.696739504291741696e+01
1.664060564323895974e+01
9.654036914178774964e+00
2.956860429675636937e+01
1.127711253957778048e+01
1.439703139845466140e+01
2.050319543182686033e+01
1.169620173565354904e+01
2.326695729994344930e+01
1.284379309652354095e+01
2.606266736092769776e+01
2.108432426562304940e+01
2.404552719586432730e+01
7.167777451900272823e+00
1.631426047365333787e+01
1.770558632785949982e+01
2.811209109731053957e+01
1.045656961646788119e+00
2.265840218482736645e+01
2.261940810802603252e+01
1.406921192942285259e+01
2.046070222553208851e+01
1.800259601846286728e+01
1.706818223901851539e+01
1.395359643871029398e+01
2.347407125841775155e+01
-4.597261848162844444e+00
5.095163404972639754e+00
1.817505842123562587e+01
1.299357470496616607e+01
1.496505542198994831e+01
2.784603625363208934e+01
2.878840477578718904e+01
8.458778066113605831e+00
1.380655288517293044e+01
2.663209378637269253e+01
1.708353079348345815e+01
1.436697505703002342e+01
1.778306729111323037e+01
3.599329180445904797e+01
1.268023630867243234e+01
6.979458051554701115e+00
2.303059645764350094e+01
1.652887569053916295e+01
9.323959527187307472e+00
2.160340830584713245e+01
8.475728753486194478e+00
2.605927840190736333e+01
2.304331382367983849e+01
2.606298485334329484e+01
6.022512862721981719e+00
1.172014703636878252e+01
2.042275771173815357e+01
1.414882748462618167e+01
7.141014585058622188e+00
2.112723565674667014e+01
2.510424635876220734e+01
2.150872956833531191e+01
7.335958251590893653e+00
9.316332685316151441e+00
8.904141392188885007e+00
1.303692266453462878e+01
1.488044683650261035e+01
2.013967149244992783e+01
1.660141089394196001e+01
9.861642467791371658e+00
8.089092655935431253e+00
1.660859461773654289e+00
1.983929696798162468e+01
2.144222112626605536e+01
2.674247339459090966e+01
2.081685831820807664e+01
1.949583696466367400e+01
2.058706543014065105e+01
2.995851708567910521e+01
2.622499529202095303e+01
1.071781077691088768e+01
1.061803379879670572e+01
1.823675439566772738e+01
1.330559050075257055e+01
1.919198531721577439e+01
1.357926348162200370e+01
1.825870785716102063e+01
1.583407013976960975e+01
2.590683787574947416e+01
9.887804153860527023e+00
2.348488218101743996e+01
-1.169903678730477736e+00
2.621145547347187943e+01
1.622581180083910724e+01
1.216855771986490886e+01
5.437647807243516596e+00
1.513919436780748917e+01
2.889366579357224296e+00
3.156195157427914211e+01
2.997690973407083703e+01
2.017316154882010437e+01
1.141718356528039280e+01
1.593185489995261506e+01
2.928483306137305675e+00
-5.557811453644227129e+00
1.339730555206882734e+01
2.347396486186629616e+01
1.796134567989878050e+01
-5.292699398576836245e+00
3.293967952970373148e+00
1.878257654284222156e+01
1.169750337329540102e+01
1.284999948539661219e+01
1.406965302360659109e+01
9.147641272971323900e+00
1.335443852890871241e+01
1.129367485687543926e+01
1.825505178282391583e+01
1.988480603851611406e+01
1.925433340160650175e+01
2.345908970049516284e+01
-1.267849456231260774e+00
1.269457210832122662e+01
1.900146048070075011e+01
1.304188893308317532e+01
1.211994452206961803e+01
1.348112723924042022e+01
1.700041410274693732e+01
2.118483441503793685e+01
2.527390126881925170e+01
1.432588080539343522e+01
1.241923641463055183e+01
3.422962978652584809e+01
1.481531674533911414e+01
1.740481091457982643e+01
2.000545039797681923e+01
2.374257403276816802e+01
1.260178772345178899e+01
2.238742311996145062e+01
1.514669966670255796e+01
1.907441199029633339e+01
1.190369728487971202e+01
1.582402167408426941e+01
1.388841440024774343e+01
1.374909857231311605e+01
2.652153390368539121e+01
2.111645018008665886e+01
6.096570117178790937e+00
1.159187727573346294e+01
2.123267737201198102e+01
2.755926472222335377e+01
1.935680837471412019e+01
1.836066233236869394e+01
6.224468722381903518e+00
1.044793303966523723e+01
1.481568438360398510e+01
1.646564111412521569e+01
1.243390658624350920e+01
2.123188426695444875e+01
1.594441790811280590e+01
1.649772981770490787e+01
2.574054681662140354e+01
2.663318756840335766e+01
1.567108403302743014e+01
6.174606786700049810e+00
1.071117094506376155e+01
2.765046927485447981e+01
2.194353374840319759e+01
1.639368410470386905e+01
1.850425666275560133e+01
4.829952258001977583e+00
1.270926307155384016e+01
1.298019232558502623e+01
2.020544995971029678e+01
1.334178079441980636e+01
3.639627135949705661e+00
1.537757944784694608e+01
2.246751960297650186e+01
2.480999326707063801e+00
8.416251796354107029e+00
2.111539894388397087e+01
1.265825838849343299e+00
1.016096238184558231e+01
9.458644213971323822e+00
5.296266743163599244e+00
3.024118040901901949e+01
1.550926790428772328e+01
6.160064348658545796e+00
1.638265804613610399e+01
1.354490111333356239e+01
1.023954571450878248e+01
2.664612870641411391e+00
