1.939109479833000023e+03 -9.374311826666481551e-03
1.939129911557000014e+03 -8.250324826666544098e-03
1.939150343081000074e+03 -9.294961826666559013e-03
1.939170774703999996e+03 -8.156175826666500761e-03
1.939191206426999997e+03 -8.244746826666538020e-03
1.939211638050999909e+03 -7.985799826666473145e-03
1.939232069573999979e+03 -7.812847826666469153e-03
1.939252501296999981e+03 -7.295684826666537504e-03
1.939272932919999903e+03 -7.806343826666561903e-03
1.939293364442999973e+03 -6.459052826666478175e-03
1.939313796165999975e+03 -6.716650826666503704e-03
1.939334227788999897e+03 -5.926058826666524837e-03
1.939354659310999978e+03 -5.239631826666535375e-03
1.939375091033999979e+03 -3.976476826666464071e-03
1.939415954378999913e+03 7.988311733335695664e-04
1.939436385900999994e+03 5.770471733335114095e-04
1.939456817522999927e+03 -6.076108266666047086e-04
1.939477249244999939e+03 1.205811733335782066e-04
1.939497680768000009e+03 6.011491733335372345e-04
1.939518112389999942e+03 3.408701733333963091e-04
1.939538544110999965e+03 1.714268173333532985e-03
1.939558975633000045e+03 2.011454173333593332e-03
1.939579407254999978e+03 2.719925173333415103e-03
1.939599838976000001e+03 2.858508173333440538e-03
1.939620270498000082e+03 2.846453173333429731e-03
1.939640702119000025e+03 2.535576173333442540e-03
1.939661133841000037e+03 2.965272173333532990e-03
1.939681565361999901e+03 4.236196173333484083e-03
1.939701997082999924e+03 3.773374173333454706e-03
1.939722428704000095e+03 4.200809173333430735e-03
1.939742860224999959e+03 3.838371173333410269e-03
1.939763291945999981e+03 5.210372173333421841e-03
1.939783723565999935e+03 5.272962173333395342e-03
1.939804155087000026e+03 4.459574173333535896e-03
1.939824586808000049e+03 5.286961173333493136e-03
1.939845018428000003e+03 4.838195173333392773e-03
1.939865449949000094e+03 3.844340173333460342e-03
1.939885881668999900e+03 4.531711173333397014e-03
1.939906313289000082e+03 4.109384173333507917e-03
1.939926744808999956e+03 4.566560173333567008e-03
1.939947176528999989e+03 3.487970173333465596e-03
1.939967608148999943e+03 1.738832173333593190e-03
1.939988039868999977e+03 2.469164173333426859e-03
1.940008471389000078e+03 3.227401173333532824e-03
1.940028903009000032e+03 3.104814173333414473e-03
1.940049334728000076e+03 3.142669173333390020e-03
1.940069766247999951e+03 2.790552173333571417e-03
1.940090197866999915e+03 3.671065173333598608e-03
1.940110629586999949e+03 3.249493173333561913e-03
1.940171924444000069e+03 4.928747173333469789e-03
1.940192356063000034e+03 3.947030173333532233e-03
1.940212787681999998e+03 3.730063173333464377e-03
1.940233219300999963e+03 3.397387173333488164e-03
1.940253650919999927e+03 2.850201173333566373e-03
1.940274082538999892e+03 2.424490173333460064e-03
1.940294514157000094e+03 1.324181173333549566e-03
1.940314945776000059e+03 2.061908173333515393e-03
1.940335377394000034e+03 -2.054078266664483010e-04
1.940355809012999998e+03 7.971417333352270873e-05
1.940396672248999948e+03 -3.325034826666461996e-03
1.940417103866999923e+03 -7.654758266664174471e-04
1.940437535385000047e+03 -3.919748266665301628e-04
1.940457967103000101e+03 -4.915108266665413339e-04
1.940478398721000076e+03 -3.489278266664008754e-04
1.940498830438999903e+03 -2.799381826666502704e-03
1.940519261957000026e+03 -2.385584826666509173e-03
1.940539693574000012e+03 -3.046045826666454737e-03
1.940560125292000066e+03 -2.790701826666519558e-03
1.940580556808999972e+03 -3.264395826666488531e-03
1.940600988426999947e+03 -3.607855826666561683e-03
1.940662283277999904e+03 -6.678068266665615482e-04
1.940682714994999969e+03 -5.882188266665977494e-04
1.940703146611999955e+03 -8.860238266665820817e-04
1.940723578129000089e+03 -4.726748266665747877e-04
1.940744009845999926e+03 -7.007298266665795694e-04
1.940764441462999912e+03 1.090567445946044600e-03
1.940784873079999898e+03 8.031934459460376985e-04
1.940805304695999894e+03 1.405244459460330830e-04
1.940825736313000107e+03 -7.103175540539297117e-04
1.940846168028999955e+03 -1.189182554053869190e-03
1.940866599546000089e+03 -1.744721554053918489e-03
1.940887031162000085e+03 -1.435962554053871187e-03
1.940907462877999933e+03 -2.924370554053923321e-03
1.940927894394000077e+03 -3.023854554053961863e-03
1.940948326011000063e+03 -2.686524554053937308e-03
1.940968757726999911e+03 -3.221195554053868371e-03
1.940989189243000055e+03 -4.783394554053965742e-03
1.941009620957999914e+03 -2.701166554053946456e-03
1.941050484090000054e+03 -4.224507554053902325e-03
1.941070915804999913e+03 -2.299135554053921560e-03
1.941091347321000057e+03 -4.154129554053920259e-03
1.941132210651999912e+03 -1.414617554053920756e-03
1.941152642167000067e+03 -4.866915554053941051e-03
1.941173073783000063e+03 -1.796167554053873516e-03
1.941193505497999922e+03 4.282564459461291051e-04
1.941213937112999929e+03 3.980481445945982522e-03
1.941234368628000084e+03 3.220192445946179483e-03
1.941254800342999943e+03 3.018682445946052617e-03
1.941275231957999949e+03 1.859120445946049749e-03
1.941295663572999956e+03 2.607948445946139948e-03
1.941316095186999974e+03 1.756055445946036464e-03
1.941336526801999980e+03 1.870814445946056281e-03
1.941356958517000066e+03 3.080540445946078343e-03
1.941377390031000004e+03 2.435942445946026602e-03
1.941397821646000011e+03 1.965443445946069012e-03
1.941418253360000108e+03 3.477713445946162274e-03
1.941438684875000035e+03 2.301854445945994421e-03
1.941459116489000053e+03 3.336473445946119831e-03
1.941479548202999922e+03 3.370510445946162115e-03
1.941499979717000087e+03 2.929704445946090807e-03
1.941520411430999957e+03 2.908390445946040792e-03
1.941540843044999974e+03 3.890754445945998619e-03
1.941561274558999912e+03 3.718002445946111401e-03
1.941581706273000009e+03 5.461090445946115146e-03
1.941622569400999964e+03 5.332387445945996340e-03
1.941643001114000072e+03 4.915263445946060905e-03
1.941663432728000089e+03 4.310385445945974503e-03
1.941683864342000106e+03 5.949949445946178805e-03
1.941704295954999907e+03 3.430256445945967236e-03
1.941724727567999935e+03 3.879052445946107319e-03
1.941745159082000100e+03 2.530247445945987828e-03
1.941765590794999980e+03 3.456212445946182932e-03
1.941786022408000008e+03 2.863133445946020039e-03
1.941806454021000036e+03 3.733449445946113165e-03
1.941826885634000064e+03 3.464601445946180469e-03
1.941867748959999972e+03 3.212017445946124816e-03
1.941888180472999920e+03 3.629381445946155971e-03
1.941908612085999948e+03 2.685864445946095636e-03
1.941929043799000056e+03 7.402134459461029437e-04
1.941949475312000004e+03 -5.184645540539101205e-04
1.941969906924000043e+03 5.845244459460330333e-04
1.941990338636999923e+03 -1.159557554053947115e-03
1.942010770149000109e+03 -1.257545554053884906e-03
1.942031201861999989e+03 -2.390058554053942075e-03
1.942051633474000027e+03 -1.701109554053892303e-03
1.942072064985999987e+03 -2.683057554053958071e-03
1.942112928310999905e+03 -1.710577554053904770e-03
1.942133359823000092e+03 -3.823164554053959385e-03
1.942153791534999982e+03 -4.051680554053915806e-03
1.942174223147000021e+03 -4.758492554053916912e-03
1.942194654759000059e+03 -5.303281554053906888e-03
1.942215086371000098e+03 -5.844376554053898332e-03
1.942235517982999909e+03 -5.526323554053913512e-03
1.942255949694000037e+03 -5.580327554053909900e-03
1.942276381205999996e+03 -4.282838554053869373e-03
1.942296812818000035e+03 -3.802375554053938345e-03
1.942317244528999936e+03 -5.690165554053883135e-03
1.942378539364000062e+03 -5.765778554053913041e-03
1.942398970875000032e+03 -5.343857554053976777e-03
1.942419402486000081e+03 -8.997174600000046318e-03
1.942439834197999971e+03 -9.658083599999978119e-03
1.942460265708999941e+03 -9.693830600000064024e-03
1.942480697319999990e+03 -1.141887360000004570e-02
1.942501129030999891e+03 -1.087759160000001391e-02
1.942521560542000088e+03 -1.031868460000007204e-02
1.942541992252999989e+03 -9.779592600000053260e-03
1.942562423864000039e+03 -1.116488260000003674e-02
1.942603287084999920e+03 -5.844865599999971018e-03
1.942623718695999969e+03 -7.171799600000028363e-03
1.942644150206999939e+03 -8.128863599999980316e-03
1.942664581917000078e+03 -6.884519600000027495e-03
1.942685013527999899e+03 -7.416459600000036012e-03
1.942705445137999959e+03 -7.118244599999989930e-03
1.942725876749000008e+03 -6.238963599999980403e-03
1.942746308359000068e+03 -6.307380600000023207e-03
1.942766740068999979e+03 -7.223604600000044229e-03
1.942787171579999949e+03 -6.361178600000072514e-03
1.942807603190000009e+03 -5.239295600000026809e-03
1.942828034899999921e+03 -5.214673600000052645e-03
1.942848466509999980e+03 -4.878946599999989253e-03
1.942868898019999961e+03 -5.438348600000031396e-03
1.942889329730000100e+03 -4.440614600000003520e-03
1.942909761339999932e+03 -4.820045600000044672e-03
1.942930192849999912e+03 -5.166813600000041973e-03
1.942950624560000051e+03 -4.101017600000034236e-03
1.942971056170000111e+03 -2.783675600000035111e-03
1.942991487880000022e+03 -3.806746000001304253e-04
1.943011919389000013e+03 -1.148038600000012011e-03
1.943032350999000073e+03 -8.403796000000518518e-04
1.943052782608999905e+03 1.093421400000016419e-03
1.943093645828000035e+03 1.939543400000021123e-03
1.943114077437000105e+03 9.816413999998996331e-04
1.943134509046999938e+03 2.224512399999989398e-03
1.943154940555999929e+03 1.829662400000042766e-03
1.943175372265000078e+03 1.289207399999936499e-03
1.943195803873999921e+03 1.604009400000050434e-03
1.943216235483999981e+03 2.075274399999882391e-03
1.943236667093000051e+03 2.277044399999983426e-03
1.943257098701999894e+03 3.951405400000052026e-03
1.943277530411000043e+03 4.822397399999900358e-03
1.943297961920000034e+03 3.862976399999995536e-03
1.943359256847000097e+03 9.020902400000085919e-03
1.943379688355000098e+03 7.184258399999920996e-03
1.943400120064000021e+03 7.453453399999920848e-03
1.943420551673000091e+03 8.342392399999898345e-03
1.943440983182000082e+03 8.587087400000026349e-03
1.943461414890000015e+03 6.450865399999949901e-03
1.943481846499000085e+03 6.920933399999995572e-03
1.943502278207000018e+03 5.929894399999913190e-03
1.943522709716000008e+03 6.440445399999994436e-03
1.943543141324000089e+03 5.172401400000081750e-03
1.943563573033000011e+03 5.833439399999917896e-03
1.943584004541000013e+03 5.094580399999992792e-03
1.943604436149000094e+03 3.881808400000075210e-03
1.943624867858000016e+03 5.245645400000054082e-03
1.943645299366000017e+03 5.369283399999869033e-03
1.943665730974000098e+03 5.297317399999945664e-03
1.943686162682000031e+03 4.306072399999916200e-03
1.943706594190000033e+03 8.220302400000045751e-03
1.943727025897999965e+03 8.639637399999955392e-03
1.943747457506000046e+03 6.677082399999978435e-03
1.943767889014000048e+03 6.688520400000008692e-03
1.943788320721999980e+03 5.266492399999878060e-03
1.943829183838000063e+03 2.981424399999932362e-03
1.943849615545999995e+03 2.766208399999969814e-03
1.943870047053999997e+03 1.840889399999934284e-03
1.943890478661000088e+03 1.764715400000005374e-03
1.943910910369000021e+03 8.143713999999580011e-04
1.943931341977000102e+03 2.106352400000011116e-03
1.943951773483999887e+03 2.829619399999927509e-03
1.943972205192000047e+03 1.495040400000036129e-03
1.943992636798999911e+03 3.291299400000058384e-03
1.944013068406999992e+03 2.097636400000046919e-03
1.944033500014000083e+03 3.095649400000066720e-03
1.944094794835999892e+03 8.472764225353479617e-04
1.944115226442999983e+03 1.608642422535222494e-03
1.944135658150999916e+03 1.518576422535389270e-03
1.944156089657999928e+03 1.239947422535303545e-03
1.944176521265000019e+03 -6.250755774647176466e-04
1.944196952971999963e+03 -1.300060577464678957e-03
1.944217384478999975e+03 -1.259611577464680998e-03
1.944237816185999918e+03 -1.475014577464683896e-03
1.944258247793000010e+03 -2.424522577464727213e-03
1.944278679300000022e+03 -2.421934577464646132e-03
1.944339974220999920e+03 -1.707880577464737648e-03
1.944360405828000012e+03 -1.964679577464711890e-03
1.944380837435000103e+03 -2.222635577464715517e-03
1.944401269040999978e+03 -1.987791577464648185e-03
1.944421700648000069e+03 -2.348922577464662709e-03
1.944462563861000035e+03 -5.123750577464725176e-03
1.944482995467999899e+03 -4.374196577464739555e-03
1.944503427074999991e+03 -3.913609577464671752e-03
1.944523858681000092e+03 -4.542210577464733667e-03
1.944585153601000002e+03 -1.369477577464639495e-03
1.944605585107000024e+03 -3.101751577464728626e-03
1.944626016712999899e+03 -2.629373577464733103e-03
1.944646448420000070e+03 -3.060222577464632998e-03
1.944666879926000092e+03 -3.251242577464674710e-03
1.944687311632000046e+03 -3.338584577464720482e-03
1.944707743238999910e+03 -4.076600577464728481e-03
1.944728174744999933e+03 -3.144745577464691522e-03
1.944748606450999887e+03 -3.395837577464644319e-03
1.944769038056999989e+03 -2.577753577464703127e-03
1.944809901268999965e+03 1.271946422535252808e-03
1.944830332876000057e+03 6.926484225353579660e-04
1.944850764382000079e+03 -5.307205774647272278e-04
1.944871196088000033e+03 7.323934225353934124e-04
1.944891627693999908e+03 1.295541422535295695e-03
1.944912059300000010e+03 2.352014225353027399e-04
1.944932490904999895e+03 4.641724225353804911e-04
1.944952922510999997e+03 -2.489577464626080427e-06
1.944973354216999951e+03 3.600774225354097524e-04
1.944993785823000053e+03 7.026474225353407377e-04
1.945014217329000076e+03 8.577064225352426519e-04
1.945055080639999915e+03 3.877492422535322447e-03
1.945075512145999937e+03 3.900610422535422117e-03
1.945095943851999891e+03 3.602208422535335686e-03
1.945116375457000004e+03 3.402803422535294331e-03
1.945136806963000026e+03 6.453861422535345227e-03
1.945157238668999980e+03 4.872784422535358928e-03
1.945177670174000014e+03 4.146261422535379992e-03
1.945198101879999967e+03 3.487996422535388774e-03
1.945218533485000080e+03 2.824754422535269427e-03
1.945238964991000103e+03 3.624590422535378664e-03
1.945259396696000067e+03 3.528367422535261255e-03
1.945300259806999975e+03 5.273600422535329457e-03
1.945320691512999929e+03 5.305596422535252543e-03
1.945341123118000041e+03 2.986121422535292780e-03
1.945361554623000075e+03 3.977127422535309265e-03
1.945381986329000028e+03 2.682604422535206368e-03
1.945402417933999914e+03 1.681688422535243532e-03
1.945422849639000106e+03 1.809699422535393509e-03
1.945443281144999901e+03 8.691814225352256784e-04
1.945463712750000013e+03 1.079069422535328115e-03
1.945484144454999978e+03 1.022092422535259004e-03
1.945504575960000011e+03 1.107346422535293584e-03
1.945545439271000077e+03 2.226740422535344877e-03
1.945565870875999963e+03 4.140234225353811581e-04
1.945586302380999996e+03 -1.876245774647955500e-04
1.945606734085999960e+03 -6.559915774646540854e-04
1.945627165691000073e+03 -1.129434577464727418e-03
1.945647597295999958e+03 -3.167235577464677654e-03
1.945668028901000071e+03 -3.320063577464726912e-03
1.945688460505999956e+03 -3.859426577464741825e-03
1.945708892210999920e+03 -5.492926577464696258e-03
1.945729323715999953e+03 -8.663203722222068137e-03
1.945749755321000066e+03 -8.327218722222085034e-03
1.945790618531000064e+03 -3.745213722222029418e-03
1.945811050135999949e+03 -7.459914722222071859e-03
1.945831481741000061e+03 -7.598065722222102636e-03
1.945851913344999957e+03 -6.937464722222008717e-03
1.945872345049999922e+03 -8.580540722222029792e-03
1.945892776554999955e+03 -9.178396722222093018e-03
1.945913208160000067e+03 -8.867314722222019441e-03
1.945933639865000032e+03 -9.504334722222007592e-03
1.945954071369000076e+03 -1.006399372222210875e-02
1.945974502973999961e+03 -9.098573722222114135e-03
1.945994934678999925e+03 -9.943123722222058092e-03
1.946056229493000046e+03 -1.755340722222165084e-03
1.946076661097999931e+03 -4.847713722222035670e-03
1.946097092702000054e+03 -6.840442722222062066e-03
1.946117524306999940e+03 -6.771180722222047699e-03
1.946137955911000063e+03 -7.230927722222113552e-03
1.946158387515999948e+03 -7.933546722222017955e-03
1.946178819121000060e+03 -8.776393722222053384e-03
1.946199250724999956e+03 -7.887738722222037424e-03
1.946219682429999921e+03 -7.844624722222026669e-03
1.946240113933999965e+03 -7.855437722222080588e-03
1.946301408748000085e+03 -1.508930722222023846e-03
1.946321840452000060e+03 -1.711922722221981275e-03
1.946342272056999946e+03 -2.837049722222095838e-03
1.946362703560999989e+03 -3.473678722222039994e-03
1.946383135265999954e+03 -3.033680722222098503e-03
1.946403566870000077e+03 -2.048324722222050198e-03
1.946423998373999893e+03 -2.424862722222087541e-03
1.946444430079000085e+03 -2.951442722222030746e-03
1.946464861682999981e+03 -2.717757722222047256e-03
1.946485293188000014e+03 -1.637523722222145039e-03
1.946505724891000000e+03 -4.259967222219884775e-04
1.946526156396000033e+03 -2.623087222219933068e-04
1.946546588100000008e+03 -1.302602722222045983e-03
1.946567019703999904e+03 -6.314947222221256595e-04
1.946587451309000016e+03 5.665627777795556597e-05
1.946607882912999912e+03 4.831372777780451599e-04
1.946628314517000035e+03 -7.220317222220717923e-04
1.946648746121999920e+03 6.105162777778616601e-04
1.946689609329999939e+03 2.365729277777894879e-03
1.946710040934000062e+03 1.236657277777997166e-03
1.946730472538999948e+03 1.932221277777923518e-03
1.946771335847000046e+03 6.086613277777930264e-03
1.946791767450999942e+03 5.376018277778005228e-03
1.946812198955999975e+03 5.243947277777882832e-03
1.946832630659999950e+03 6.766164277777875213e-03
1.946853062264000073e+03 5.782150277777953207e-03
1.946873493767999889e+03 7.095871277777998642e-03
1.946893925473000081e+03 6.100240277777890796e-03
1.946914357076999977e+03 5.964878277777918569e-03
1.946934788581000021e+03 7.021044277777832576e-03
1.946955220284999996e+03 5.402458277777855145e-03
1.946975651888999892e+03 6.296546277777981260e-03
1.947016515097999900e+03 1.169179527777797212e-02
1.947036946702000023e+03 1.068260727777792241e-02
1.947057378405999998e+03 9.833125277777909901e-03
1.947077809910000042e+03 1.015397627777803180e-02
1.947098241513999938e+03 9.363968277777967586e-03
1.947118673118000061e+03 8.778382277777829756e-03
1.947139104721999956e+03 8.068828277777884139e-03
1.947159536327000069e+03 8.797914277777874048e-03
1.947179968031000044e+03 8.098700277777926004e-03
1.947200399535000088e+03 6.247872277777899441e-03
1.947220831239000063e+03 6.464590277778015093e-03
1.947261694347000002e+03 6.915624277777920881e-03
1.947282126050999977e+03 5.531217277777944474e-03
1.947302557655000101e+03 5.220384277778045146e-03
1.947322989159999906e+03 4.099682277777905171e-03
1.947343420864000109e+03 4.531855277777996349e-03
1.947363852468000005e+03 5.098942277777851473e-03
1.947384283972000048e+03 4.667841605633826774e-03
1.947404715676000023e+03 3.792568605633928058e-03
1.947425147279999919e+03 5.337838605633971056e-03
1.947445578983999894e+03 5.873818605633962520e-03
1.947466010487999938e+03 4.360649605633870607e-03
1.947506873797000026e+03 4.724352605633974633e-03
1.947527305301000069e+03 2.777558605633778654e-03
1.947547736904999965e+03 1.837374605633934621e-03
1.947568168608999940e+03 1.173076605633927016e-03
1.947588600112999984e+03 1.050154605633846217e-03
1.947609031717000107e+03 1.442440605633921180e-03
1.947629463421000082e+03 7.549416056338298375e-04
1.947649894924999899e+03 1.465821605633799152e-03
1.947670326629000101e+03 1.053306056337799390e-04
1.947690758232999997e+03 1.160680605633901408e-03
1.947711189838000109e+03 6.317106056339394371e-04
1.947752053045999901e+03 5.624906056338474514e-04
1.947772484650000024e+03 -1.127582394366166696e-03
1.947792916253999920e+03 -1.982620394366030325e-03
1.947813347858000043e+03 -1.549347394366185071e-03
1.947833779461999939e+03 -1.613661394366028290e-03
1.947854211067000051e+03 -2.921682394366076352e-03
1.947874642670999947e+03 -3.532456394366056962e-03
1.947895074275000070e+03 -2.992530394366088586e-03
1.947915505878999966e+03 -3.884196394366101757e-03
1.947935937483000089e+03 -4.452267394366105080e-03
1.947956369187000064e+03 -3.964953394366088624e-03
1.948017663999999968e+03 -2.713440394366162245e-03
1.948038095504000012e+03 -3.512972394366098428e-03
1.948058527107999907e+03 -2.486883394366090627e-03
1.948078958812000110e+03 -4.581022394366085493e-03
1.948099390316999916e+03 -3.868455394366088207e-03
1.948119822020999891e+03 -6.708629394366116827e-03
1.948140253625000014e+03 -4.111878394366108580e-03
1.948160685129000058e+03 -5.393896394366159974e-03
1.948181116834000022e+03 -5.953103394366165979e-03
1.948201548437999918e+03 -5.514049394366060675e-03
1.948262843251000049e+03 -3.982535394366104597e-03
1.948283274854999945e+03 -3.018169394366165825e-03
1.948303706459000068e+03 -3.846679394366114835e-03
1.948324138062999964e+03 -2.532506394366085267e-03
1.948344569767999928e+03 -2.866313394366160061e-03
1.948365001271999972e+03 -2.510558394366091406e-03
1.948385432876000095e+03 -2.450407394366083125e-03
1.948405864581000060e+03 -3.253782394366133701e-03
1.948426296184999956e+03 -3.264747394366107613e-03
1.948446727689999989e+03 -2.449311394366104899e-03
1.948487590898000008e+03 5.809740605633884059e-03
1.948508022602999972e+03 2.439256605633932651e-03
1.948528454207000095e+03 2.734086605633789802e-03
1.948548885811999980e+03 1.261313605633862522e-03
1.948569317416000104e+03 2.014964605633995376e-03
1.948589749019999999e+03 1.235021605633823683e-03
1.948610180525000033e+03 1.295837605633787248e-03
1.948630612229000008e+03 1.284195605633975390e-03
1.948671475337999937e+03 2.179470605633948566e-03
1.948691907042999901e+03 6.954586056338030176e-04
1.948732770351999989e+03 6.171933605633839193e-03
1.948753201856000032e+03 2.613606605633922442e-03
1.948773633460999918e+03 2.524925605633887571e-03
1.948794065166000109e+03 3.147131605633957108e-03
1.948814496669999926e+03 3.305246605633804791e-03
1.948834928275000038e+03 3.155380605633917313e-03
1.948855359979000013e+03 3.519593605633808409e-03
1.948875791484000047e+03 1.917076605633782904e-03
1.948896223088999932e+03 3.118337605633847431e-03
1.948916654792999907e+03 2.153904605633805147e-03
1.948937086398000019e+03 5.364326056338519777e-04
1.948977949608000017e+03 3.433815605633938617e-03
1.948998381211999913e+03 3.139154605633853734e-03
1.949018812817000025e+03 1.636103605633820735e-03
1.949039244421999911e+03 1.215056550724957773e-03
1.949059676027000023e+03 1.794116550724922377e-03
1.949080107730999998e+03 3.381295507249859611e-04
1.949100539236000031e+03 3.301955072498863331e-05
1.949120970840999917e+03 -9.490144492750873795e-04
1.949141402546000108e+03 -1.614885449275127449e-03
1.949161834050999914e+03 -1.413753449275079177e-03
1.949182265756000106e+03 3.562515507249397473e-04
1.949223128866000025e+03 -2.258154449275129316e-03
1.949243560570999989e+03 -4.042883449275058716e-03
1.949263992076000022e+03 -3.903141449275060459e-03
1.949284423680999907e+03 -4.686237449275099110e-03
1.949304855386000099e+03 -4.929941449275054843e-03
1.949325286890999905e+03 -5.755888449275103902e-03
1.949345718596000097e+03 -4.918120449275087402e-03
1.949366150200999982e+03 -4.286937449275107781e-03
1.949386581706000015e+03 -6.385705449275080881e-03
1.949407013410999980e+03 -4.330707449275106313e-03
1.949427445016000092e+03 -4.354550449275129687e-03
1.949468308227000080e+03 -7.132187449275129154e-03
1.949488739831999965e+03 -6.036700449275067548e-03
1.949509171437000077e+03 -7.143743449275041790e-03
1.949529603041999962e+03 -6.326720449275069491e-03
1.949550034648000064e+03 -6.966605449275076190e-03
1.949570466353000029e+03 -7.046346449275042723e-03
1.949590897957999914e+03 -5.933905449275078681e-03
1.949611329463999937e+03 -5.050291449275046141e-03
1.949631761168999901e+03 -3.701514449275022933e-03
1.949652192775000003e+03 -3.391021449275055666e-03
1.949672624280000036e+03 -2.447437449275113863e-03
1.949754350802000090e+03 -7.893004492751654055e-04
1.949774782407999965e+03 -2.453830449275051784e-03
1.949795214112999929e+03 -3.962651449275100823e-03
1.949815645618999952e+03 -3.758022449275033594e-03
1.949836077224000064e+03 -3.308455449275049531e-03
1.949856508930000018e+03 -3.030207449275068576e-03
1.949876940436000041e+03 -3.448067449275060703e-03
1.949897371942000063e+03 -3.398944449275131952e-03
1.949979098465000106e+03 3.143830550724979744e-03
1.949999530070999981e+03 2.602824550725024721e-03
1.950019961776999935e+03 2.203079550724851288e-03
1.950040393281999968e+03 2.680025507248995353e-04
1.950060824888000070e+03 2.259130550724908204e-03
1.950081256594000024e+03 1.025553550724866980e-03
1.950101688199999899e+03 1.707192550724823121e-03
1.950122119705999921e+03 8.658545507249648665e-04
1.950142551413000092e+03 7.724825507249288847e-04
1.950162983018999967e+03 1.504113550724994752e-03
1.950224277837000045e+03 4.854615507248194461e-04
1.950244709542999999e+03 2.311224550724855220e-03
1.950265141050000011e+03 2.513741550724812868e-03
1.950285572656000113e+03 2.925382550724942021e-03
1.950306004362000067e+03 4.008536550724972614e-03
1.950326435869000079e+03 4.584417550725028434e-03
1.950346867474999954e+03 4.301744550724961869e-03
1.950367299180999908e+03 5.476729550724979134e-03
1.950387730687999920e+03 5.418231550724961210e-03
1.950408162394000101e+03 7.031538550724913961e-03
1.950449025506999988e+03 6.479325550724945870e-03
1.950469457213999931e+03 5.766703550724949778e-03
1.950489888821000022e+03 6.294130550724919004e-03
1.950510320327000045e+03 6.902113550725008650e-03
1.950530752033999988e+03 7.608023550724984929e-03
1.950551183541000000e+03 7.527400550724872019e-03
1.950571615246999954e+03 8.168161550724972741e-03
1.950592046854000046e+03 7.385165550724881456e-03
1.950612478361000058e+03 7.860168550724910830e-03
1.950632910068000001e+03 8.650788550724985981e-03
1.950653341675000092e+03 7.368246550724988353e-03
1.950714636495999912e+03 6.565980535211179969e-03
1.950735068103000003e+03 6.888634535211046739e-03
1.950755499710000095e+03 6.035145535211228207e-03
1.950775931316999959e+03 6.064847535211193019e-03
1.950796363023999902e+03 7.248017535211204176e-03
1.950816794630999993e+03 6.200863535211098565e-03
1.950837226138999995e+03 7.658072535211113419e-03
1.950857657845999938e+03 7.176738535211057979e-03
1.950878089453000030e+03 6.811343535211067390e-03
1.950898520961000031e+03 6.451370535211164992e-03
1.950939384275000066e+03 4.161067535211060431e-03
1.950959815783000067e+03 3.996060535211176656e-03
1.950980247490000011e+03 4.524240535211054848e-03
1.951000679098000091e+03 3.946431535211125663e-03
1.951021110805000035e+03 2.825774535211156291e-03
1.951041542313000036e+03 3.913546535211143151e-03
1.951061973920999890e+03 3.192376535211094435e-03
1.951082405628000060e+03 2.879470535211092752e-03
1.951102837136000062e+03 3.579172535211228023e-03
1.951123268743999915e+03 3.363300535211166675e-03
1.951143700452000076e+03 2.897153535211138831e-03
1.951184563567999930e+03 3.193151535211047332e-03
1.951204995176000011e+03 -4.311374647888444045e-04
1.951225426784000092e+03 -5.035074647888881927e-04
1.951245858492000025e+03 2.512515352111055478e-04
1.951266290000000026e+03 -4.784564647888345235e-04
1.951286721608000107e+03 1.258045352110492843e-04
1.951307153316000040e+03 -5.265194647888771229e-04
1.951327584923999893e+03 -2.827664647888639138e-04
1.951348016431999895e+03 -6.040144647888601170e-04
1.951368448141000044e+03 -6.381914647888287107e-04
1.951388879748999898e+03 -1.728639464788850333e-03
1.951429742966000049e+03 -2.855895464788815730e-03
1.951450174573999902e+03 -3.761157464788889015e-03
1.951470606283000052e+03 -4.882392464788831710e-03
1.951491037792000043e+03 -5.358586464788817061e-03
1.951511469399999896e+03 -3.947044464788884710e-03
1.951531901109000046e+03 -4.463546464788858970e-03
1.951552332617000047e+03 -5.205272464788857079e-03
1.951572764225999890e+03 -5.686850464788895110e-03
1.951593195935000040e+03 -5.482099464788836585e-03
1.951613627444000031e+03 -4.832730464788825842e-03
1.951634059152999953e+03 -3.951121464788820425e-03
1.951674922271000014e+03 -6.960243464788851142e-03
1.951695353979999936e+03 -5.572314464788896693e-03
1.951715785589000006e+03 -5.736464464788815221e-03
1.951736217198000077e+03 -4.520356464788877204e-03
1.951756648806999920e+03 -5.120942464788891257e-03
1.951777080415999990e+03 -5.014179464788881546e-03
1.951797512026000049e+03 -4.158274464788891400e-03
1.951838375243999963e+03 -4.019536464788808772e-03
1.951858806854000022e+03 -5.642475464788798689e-03
1.951879238463000092e+03 -5.152112464788860535e-03
1.951920101681999995e+03 -4.880540464788807320e-03
1.951940533292000055e+03 -4.074500464788854970e-03
1.951960964901999887e+03 -2.632351464788795781e-03
1.951981396611000037e+03 -2.606152464788791256e-03
1.952001828121000017e+03 -2.459640464788859227e-03
1.952022259830999928e+03 -2.114578464788796630e-03
1.952042691440999988e+03 -4.970974647888759534e-04
1.952063122950999968e+03 1.416705352110803062e-04
1.952083554661000107e+03 8.242855352111888578e-04
1.952103986270999940e+03 6.436055352112557415e-04
1.952124417780999920e+03 -5.671044647888034973e-04
1.952206144322000000e+03 8.146995352111829902e-04
1.952226575932000060e+03 1.666048535211128723e-03
1.952247007641999971e+03 2.926075352112089689e-04
1.952267439152999941e+03 2.707612535211234572e-03
1.952287870763000001e+03 3.823424535211117359e-03
1.952308302473999902e+03 3.699308535211054405e-03
1.952328733985000099e+03 2.785715535211119587e-03
1.952349165594999931e+03 6.683256904109646790e-03
1.952369597306000060e+03 6.175883904109613631e-03
1.952410460428000079e+03 4.261423904109551408e-03
1.952430892137999990e+03 4.758141904109725040e-03
1.952451323749000039e+03 4.292158904109721895e-03
1.952471755360000088e+03 4.887164904109675412e-03
1.952492186971999899e+03 3.187545904109634343e-03
1.952512618582999949e+03 5.308107904109626851e-03
1.952533050193999998e+03 4.706980904109703268e-03
1.952553481805000047e+03 6.235985904109564437e-03
1.952573913316000016e+03 4.571689904109610403e-03
1.952594345027999907e+03 4.651079904109622909e-03
1.952614776638999956e+03 3.814230904109705556e-03
1.952655639862000044e+03 1.265903904109633160e-03
1.952676071474000082e+03 1.808789904109597835e-03
1.952696503184999983e+03 1.153892904109610207e-03
1.952716934696999942e+03 9.598259041095902333e-04
1.952737366308999981e+03 5.432389041096774562e-04
1.952757798021000099e+03 -7.731309589031898355e-05
1.952778229532000069e+03 -2.934570958903481852e-04
1.952798661144000107e+03 5.213748904109638538e-03
1.952819092855999997e+03 6.639179041095788492e-04
1.952839524367999957e+03 -9.521800958903758882e-04
1.952859956081000064e+03 -2.649448095890405419e-03
1.952900819205000062e+03 -2.844660095890350071e-03
1.952921250916999952e+03 -5.197542095890406166e-03
1.952941682529999980e+03 -6.872686095890312430e-03
1.952962114142000019e+03 -3.282297095890340799e-03
1.952982545755000046e+03 -4.891859095890405129e-03
1.953002977367000085e+03 -4.424048095890364962e-03
1.953023408980000113e+03 -5.096467095890400145e-03
1.953043840591999924e+03 -5.184826095890326947e-03
1.953064272204999952e+03 -4.329903095890319520e-03
1.953084703918000059e+03 -5.011244095890377004e-03
1.953105135531000087e+03 -5.215254095890409225e-03
1.953145998756999916e+03 -7.141360095890392223e-03
1.953166430369999944e+03 -7.558084095890316156e-03
1.953186861882999892e+03 -6.509849095890363202e-03
1.953207293596000000e+03 -6.850078095890332897e-03
1.953227725108999948e+03 -5.427101095890396465e-03
1.953248156823000045e+03 -5.636592095890402554e-03
1.953268588436000073e+03 -5.052997095890354728e-03
1.953289019949000021e+03 -3.601736095890317735e-03
1.953309451662999891e+03 -3.422313095890361367e-03
1.953329883276999908e+03 -4.102820095890358232e-03
1.953350314790000084e+03 -3.576725095890354034e-03
1.953391178117999971e+03 -4.227395095890318366e-03
1.953411609631999909e+03 -3.172004095890357256e-03
1.953432041345000016e+03 -3.572294095890327092e-03
1.953452472959000033e+03 -2.928322095890334431e-03
1.953472904672999903e+03 -8.233450958903265615e-04
1.953493336188000058e+03 -1.529628095890411821e-03
1.953513767802000075e+03 -1.172048095890332320e-03
1.953534199515999944e+03 -2.919417095890386449e-03
1.953554631030000110e+03 -3.212881095890351979e-03
1.953575062644999889e+03 -1.948045095890416079e-03
1.953595494358999986e+03 -5.389034095890421483e-03
1.953636357588000010e+03 1.116020904109671363e-03
1.953656789203000017e+03 2.511841904109579637e-03
1.953677220818000023e+03 2.643866904109670735e-03
1.953697652433000030e+03 3.106588904109641724e-03
1.953718084047000048e+03 4.551328904109586126e-03
1.953738515662000054e+03 3.408929904109680997e-03
1.953758947376999913e+03 1.892119904109645923e-03
1.953779378892000068e+03 6.412595904109585909e-03
1.953799810508000064e+03 1.294882904109617705e-03
1.953820242123000071e+03 -8.412550958903919351e-04
1.953840673738000078e+03 1.953876904109641544e-03
1.953901968584000088e+03 7.043073904109742323e-03
1.953922400299999936e+03 8.514603904109629973e-03
1.953942831816000080e+03 8.225674904109525620e-03
1.953963263431000087e+03 9.619855904109742006e-03
1.953983695146999935e+03 9.500278904109538125e-03
1.954004126663000079e+03 4.696688557142669751e-03
1.954024558279000075e+03 5.806728557142815106e-03
1.954044989994999924e+03 2.096725557142686824e-03
1.954065421511000068e+03 3.959640557142707351e-03
1.954085853226999916e+03 2.825922557142757086e-03
1.954147148075999894e+03 4.618110557142784955e-03
1.954167579693000107e+03 5.676947557142764111e-03
1.954188011309000103e+03 6.476113557142726407e-03
1.954208442926000089e+03 5.884073557142821542e-03
1.954228874543000074e+03 6.016632557142687077e-03
1.954249306258999923e+03 7.475660557142660423e-03
1.954269737776000056e+03 5.713213557142715615e-03
1.954290169393000042e+03 7.624614557142805893e-03
1.954310601110000107e+03 6.757810557142640562e-03
1.954331032727000093e+03 5.785364557142846920e-03
1.954371895961000064e+03 4.376822557142778791e-03
1.954392327579000039e+03 8.607928557142763282e-03
1.954412759095999945e+03 5.828856557142714223e-03
1.954433190814000000e+03 5.936661557142786094e-03
1.954453622430999985e+03 4.579741557142691377e-03
1.954474054048999960e+03 4.780909557142720701e-03
1.954494485665999946e+03 4.625839557142796821e-03
1.954514917283999921e+03 5.327158557142830375e-03
1.954535349001999975e+03 5.988117557142791370e-03
1.954555780520000098e+03 4.272176557142737252e-03
1.954576212138000074e+03 4.980992557142682742e-03
1.954617075374000024e+03 3.481516557142683155e-03
1.954637507093000067e+03 2.579593557142656479e-03
1.954657938610999963e+03 2.741503557142754843e-03
1.954678370228999938e+03 1.687655557142786478e-03
1.954698801947999982e+03 2.428549557142778426e-03
1.954719233466000105e+03 1.801357557142724275e-03
1.954739665085000070e+03 2.418804557142717471e-03
1.954760096804000113e+03 -5.074324428573362411e-04
1.954780528322999999e+03 -5.434344428572046581e-04
1.954800959941999963e+03 -1.862630442857282631e-03
1.954821391660000018e+03 8.805755714269558609e-05
1.954862254898999936e+03 -4.823264428572837659e-04
1.954882686517999900e+03 -1.477959442857224026e-03
1.954903118137000092e+03 -2.825594428572664185e-04
1.954923549757000046e+03 -1.806100442857228039e-03
1.954943981376000011e+03 -1.631308442857304364e-03
1.954964412995999965e+03 -1.195867442857267982e-03
1.954984844715000008e+03 -1.709591442857205656e-03
1.955005276235000110e+03 -4.711664442857310675e-03
1.955046139575000097e+03 -5.740055442857272539e-03
1.955066571094999972e+03 -6.861865442857273401e-03
1.955127865955000061e+03 -5.728796442857286841e-03
1.955148297676000084e+03 -6.706880442857277025e-03
1.955168729296000038e+03 -6.949588442857312920e-03
1.955189160816999902e+03 -6.125028442857227695e-03
1.955209592536999935e+03 -5.451068442857254226e-03
1.955230024058000026e+03 -5.599470442857246155e-03
1.955250455779000049e+03 -5.594925442857223707e-03
1.955270887399000003e+03 -5.353084442857203307e-03
1.955291318920000094e+03 -5.296203442857305710e-03
1.955311750640999890e+03 -7.353667442857259040e-03
1.955352613883999993e+03 -6.114265442857202970e-03
1.955373045504999936e+03 -5.739271442857241112e-03
1.955393477126000107e+03 -5.288675442857271314e-03
1.955413908748000040e+03 -4.295133442857257400e-03
1.955434340368999983e+03 -3.877391442857258674e-03
1.955454771990999916e+03 -6.298739442857304027e-03
1.955475203712999928e+03 -5.381428442857272287e-03
1.955495635335000088e+03 -5.141963442857222510e-03
1.955516066856999942e+03 -7.946571442857264245e-03
1.955536498578999954e+03 -6.928859442857260298e-03
1.955556930200999886e+03 -8.634144442857261126e-03
1.955618225066999912e+03 -1.745290442857205804e-03
1.955638656789999914e+03 -1.583247442857205201e-03
1.955659088311999994e+03 3.366487057970934949e-03
1.955679519934999917e+03 4.867760057970849097e-03
1.955699951657999918e+03 4.717276057970898329e-03
1.955720383180999988e+03 5.695034057971004593e-03
1.955740814803999911e+03 3.831410057970940919e-03
1.955761246526999912e+03 1.796398057970938211e-03
1.955781678049999982e+03 1.655200579708804298e-04
1.955802109672999904e+03 1.987653057970883985e-03
1.955863404642999967e+03 7.400191057970961772e-03
1.955883836167000027e+03 6.297578057970931731e-03
1.955904267789999949e+03 6.436207057970988465e-03
1.955924699513999940e+03 7.276782057970998530e-03
1.955945131038000000e+03 6.442081057970949765e-03
1.955965562661999911e+03 4.128053057970926254e-03
1.955985994385999902e+03 5.410138057970859116e-03
1.956006426010000041e+03 1.242133057970939980e-03
1.956026857633999953e+03 3.551178057971005053e-03
1.956047289259000081e+03 4.574410579708532154e-04
1.956108584132000033e+03 4.042450057970881083e-03
1.956129015756999934e+03 5.156242057970827908e-03
1.956149447481999914e+03 4.024541057971009472e-03
1.956169879006999963e+03 3.236156057970895894e-03
1.956190310632000092e+03 3.836545057970819350e-03
1.956210742357000072e+03 4.245246057970830655e-03
1.956231173881999894e+03 2.409750057970949655e-03
1.956251605607000101e+03 1.131258057970874198e-03
1.956272037232999992e+03 3.525189057970945505e-03
1.956292468758000041e+03 2.728537057970936708e-03
1.956333332108999912e+03 -3.802359420290724046e-04
1.956353763634999950e+03 -3.360459420290728971e-04
1.956374195360999920e+03 -1.895842942029046796e-03
1.956394626987000038e+03 -2.834696942029091282e-03
1.956415058713000008e+03 -1.517423942029139106e-03
1.956435490239000046e+03 -1.635569942029069246e-03
1.956455921865999926e+03 -2.875698942029103478e-03
1.956476353591999896e+03 -1.944693942029118716e-03
1.956496785118999924e+03 -5.450031942029087695e-03
1.956517216745000042e+03 -5.768880942029097625e-03
1.956537648371999921e+03 -6.582816942029112717e-03
1.956598943253000016e+03 -2.727151942029104603e-03
1.956619374879999896e+03 -6.204615942029145792e-03
1.956639806607000082e+03 -5.248516942029102239e-03
1.956660238134000110e+03 -3.952844942029076769e-03
1.956680669761999980e+03 -4.769062942029056451e-03
1.956701101488999939e+03 -5.236450942029069466e-03
1.956721533117000035e+03 -4.284903942029072432e-03
1.956741964645000053e+03 -3.918989942029105222e-03
1.956762396372000012e+03 -4.876045942029061386e-03
1.956782828000000109e+03 -5.281506942029112750e-03
1.956844122884999933e+03 -4.949995942029050688e-03
1.956864554613000109e+03 -4.182959942029107481e-03
1.956884986141999889e+03 -4.015450942029041848e-03
1.956905417769999985e+03 -3.662799942029115741e-03
1.956925849498999924e+03 -3.676287942029121680e-03
1.956946281026999941e+03 -2.782547942029145460e-03
1.956966712656000027e+03 -3.687431942029140153e-03
1.956987144384999965e+03 -3.175801942029043978e-03
1.957007575913999972e+03 -3.880869942029074871e-03
1.957028007643999899e+03 -4.577872942029048708e-03
1.957089302531999920e+03 -3.673082942029060050e-03
1.957109734161000006e+03 -1.749907942029116370e-03
1.957130165691000002e+03 1.442770579709318213e-04
1.957150597420999929e+03 -7.427519420291073260e-04
1.957171029051000005e+03 1.575599057970888950e-03
1.957191460681000081e+03 1.747093057970938723e-03
1.957211892310999929e+03 2.063171057970936140e-03
1.957232323941000004e+03 1.763993057970925094e-03
1.957252755572000069e+03 3.185330057970836570e-03
1.957273187201999917e+03 2.595092057970926902e-03
1.957314050464000047e+03 2.193640746268599173e-04
1.957334482093999895e+03 8.967730746267665864e-04
1.957354913724999960e+03 -1.130330925373179696e-03
1.957375345456000105e+03 1.312861074626914260e-03
1.957395776988000080e+03 3.871490746267802763e-04
1.957416208718999997e+03 5.611907462688137116e-05
1.957436640350000062e+03 2.463310746267932672e-04
1.957457071882000037e+03 -1.686209253730641677e-04
1.957497935245000008e+03 1.663420746269572703e-04
1.957518366776999983e+03 -1.715635925373160120e-03
1.957579661873000077e+03 4.860498074626740106e-03
1.957600093405000052e+03 5.039965074626895358e-03
1.957620525037000107e+03 4.483651074626893163e-03
1.957640956770000003e+03 7.261389074626922735e-03
1.957661388302999967e+03 5.158616074626865000e-03
1.957681819935000021e+03 4.279440074626883472e-03
1.957702251667999917e+03 4.139292074626821361e-03
1.957722683201000109e+03 4.105304074626836552e-03
1.957743114833999925e+03 4.805430746268601894e-04
1.957763546567000049e+03 1.306040074626757530e-03
1.957824841466999942e+03 4.859006074626748273e-03
1.957845273100999975e+03 4.451861074626917159e-03
1.957865704735000008e+03 6.106487074626798517e-03
1.957886136369000042e+03 6.504364074626955983e-03
1.957906567902999996e+03 4.990613074626892853e-03
1.957926999637000108e+03 5.855016074626906430e-03
1.957947431270999914e+03 5.900134074626750547e-03
1.957967862904999947e+03 4.588007074626920812e-03
1.957988294539999970e+03 2.338413074626899402e-03
1.958008726174000003e+03 3.419644074626804198e-03
1.958070021079000071e+03 4.451354074626934221e-03
1.958090452813999946e+03 4.010978074626914136e-03
1.958110884348999889e+03 3.550119074626767457e-03
1.958131315983999912e+03 3.051681074626833023e-03
1.958151747720000003e+03 3.021257074626859662e-03
1.958172179254999946e+03 1.757195074626904940e-03
1.958192610991000038e+03 1.419352074626845095e-03
1.958213042626000060e+03 1.251345074626764031e-03
1.958233474161999993e+03 -5.239359253732533972e-04
1.958253905898000085e+03 3.081890746268189929e-04
1.958315200807000110e+03 -1.122881925373242495e-03
1.958335632442999895e+03 -1.086829253731380618e-04
1.958356064179999976e+03 -9.818929253730956930e-04
1.958376495716999898e+03 -1.006130925373049934e-03
1.958396927353999899e+03 -7.230779253730723610e-04
1.958417359090999980e+03 -1.621928925373161690e-03
1.958437790627999902e+03 -2.325975925373202635e-03
1.958458222264999904e+03 -9.851139253731489021e-04
1.958478654001999985e+03 -4.292827925373110531e-03
1.958499085639999976e+03 -4.301205925373197125e-03
1.958560380453000107e+03 -4.459045925373161801e-03
1.958580812190999950e+03 -5.958002925373184766e-03
1.958621675367000080e+03 -5.601907925373184050e-03
1.958642107104999923e+03 -5.988314925373106057e-03
1.958662538742999914e+03 -5.845617925373192136e-03
1.958703402021000102e+03 -7.597727925373165547e-03
1.958723833660000082e+03 -6.646085925373190761e-03
1.958744265397999925e+03 -6.491129925373151366e-03
1.958805560316000083e+03 -8.257164925373206010e-03
1.958825991854999984e+03 -9.053084925373156011e-03
1.958846423494999954e+03 -7.923545925373143284e-03
1.958866855235000003e+03 -8.373072925373148401e-03
1.958887286773999904e+03 -8.542094925373167058e-03
1.958907718414000101e+03 -7.573804925373184282e-03
1.958928150153999923e+03 -8.073493925373154134e-03
1.958948581695000030e+03 -7.124507925373113615e-03
1.958969013435000079e+03 -1.023199463768054152e-03
1.958989445075000049e+03 -3.149366463768066282e-03
1.959050739996999937e+03 -1.333629463768137846e-03
1.959091603280000072e+03 5.571915362319046494e-04
1.959112034921000031e+03 2.535385362318898217e-04
1.959132466662000070e+03 5.569325362319021977e-04
1.959152898304000018e+03 8.649785362319084570e-04
1.959173329844999898e+03 1.999909536231858631e-03
1.959193761586999926e+03 2.175507536231857664e-03
1.959214193129000023e+03 2.921164536231923847e-03
1.959234624770999972e+03 2.654539536231959040e-03
1.959275488055000096e+03 1.625853536231902652e-03
1.959295919796999897e+03 3.443178536231883413e-03
1.959316351440000062e+03 4.687296536232010702e-03
1.959336782982999921e+03 4.596018536231816221e-03
1.959357214724999949e+03 4.156750536231990090e-03
1.959377646367999887e+03 5.456562536231834848e-03
1.959398077910999973e+03 5.226698536231810799e-03
1.959418509654999980e+03 6.678031536231920917e-03
1.959438941297999918e+03 7.059870536231804827e-03
1.959459372841000004e+03 4.954018536231896697e-03
1.959479804585000011e+03 4.580491536231856564e-03
1.959520667971999956e+03 5.268970536231987190e-03
1.959541099516000031e+03 6.130360536231838076e-03
1.959561531159999959e+03 6.211580536231831040e-03
1.959581962904999955e+03 5.845646536231874357e-03
1.959602394449000030e+03 5.173582536231902118e-03
1.959622826093999947e+03 6.640829536231795949e-03
1.959643257837999954e+03 5.927731536231939380e-03
1.959663689483000098e+03 4.003290536231940422e-03
1.959684121128000015e+03 4.512932536231972769e-03
1.959704552772999932e+03 4.868778536231910259e-03
1.959724984418000076e+03 9.325145362318876252e-04
1.959786279355000033e+03 1.223274536231944154e-03
1.959806710999999950e+03 8.410345362318549789e-04
1.959827142646000084e+03 -8.660304637680971140e-04
1.959847574291999990e+03 2.765365362319416320e-04
1.959868006037999976e+03 4.421729536231988611e-03
1.959888437585000020e+03 4.546355362319287607e-04
1.959908869331000005e+03 -1.108545463768040307e-03
1.959929300878000049e+03 1.412805536231909187e-03
1.959949732523999955e+03 -1.322488463768145550e-03
1.959970164270999931e+03 -1.176847463768115887e-03
1.960051890760000106e+03 -3.789124463768112072e-03
1.960072322507000081e+03 -3.448524463768087855e-03
1.960092754154999966e+03 -3.476529463768085471e-03
1.960113185702999999e+03 -4.596204463768072124e-03
1.960133617450999964e+03 -5.147348463768075533e-03
1.960154049099000076e+03 -6.111740463768056131e-03
1.960174480647000109e+03 -5.920157463768060957e-03
1.960194912395000074e+03 -6.764334463768117978e-03
1.960215344043999949e+03 -6.108051463768138234e-03
1.960276638990000038e+03 -6.137732463768141855e-03
1.960297070738999992e+03 -7.415684463768057455e-03
1.960317502289000004e+03 -6.971927463768068378e-03
1.960337933938000106e+03 -5.764753463768146347e-03
1.960358365687000060e+03 -6.817508463768051641e-03
1.960378797336999924e+03 -6.418824463768069144e-03
1.960399228886999936e+03 -5.677630463768124081e-03
1.960419660637000106e+03 -6.391202463768119735e-03
1.960440092286999970e+03 -4.880449463768088414e-03
1.960460524036999914e+03 -5.532810463768078613e-03
1.960501387238000007e+03 -5.624171463768146140e-03
1.960521818988999939e+03 -4.282666463768070031e-03
1.960542250538999951e+03 -3.789141463768075369e-03
1.960562682089999953e+03 -4.864633463768086585e-03
1.960583113841000113e+03 -3.375995463768100002e-03
1.960603545492999956e+03 -3.874862463768113940e-03
1.960623977243999889e+03 -7.071204333333191983e-03
1.960644408796000107e+03 -7.884708333333212416e-03
1.960664840446999960e+03 -7.093088333333219531e-03
1.960685272199000110e+03 -5.853756333333182127e-03
1.960705703751000101e+03 -4.728815333333247217e-03
1.960746567155000093e+03 -6.129085333333228469e-03
1.960766998708000074e+03 -4.101538333333265562e-03
1.960787430359999917e+03 -4.134058333333245905e-03
1.960807862113000056e+03 -1.932081333333224293e-03
1.960828293666000036e+03 -3.384332333333239795e-03
1.960848725418999948e+03 -1.936075333333175941e-03
1.960869157072000007e+03 -1.333162333333248739e-03
1.960889588725000067e+03 2.338996666668702318e-04
1.960910020377999899e+03 -7.199753333332337135e-04
1.960930452031999948e+03 -1.682193333333192875e-03
1.960950883685999997e+03 1.623503666666747947e-03
1.961012178747999997e+03 2.443056666667775545e-04
1.961032610402000046e+03 1.011239666666829962e-03
1.961053041957000005e+03 1.859292666666734206e-03
1.961073473710999906e+03 1.910480666666769523e-03
1.961093905365999944e+03 2.322898666666795009e-03
1.961114336920999904e+03 1.899228666666807896e-03
1.961134768676000022e+03 4.296693666666850930e-03
1.961155200331000060e+03 3.725095666666788929e-03
1.961175631987000088e+03 4.972359666666870126e-03
1.961196063641999899e+03 4.738084666666697586e-03
1.961236926952999966e+03 4.845284666666893614e-03
1.961257358608999994e+03 4.756972666666747784e-03
1.961277790165999932e+03 3.915609666666819422e-03
1.961298221922000039e+03 4.868946666666706946e-03
1.961318653578000067e+03 6.036852666666758793e-03
1.961359516892000102e+03 4.848067666666677766e-03
1.961379948548999891e+03 5.125619666666691998e-03
1.961420811862999926e+03 7.326580666666693276e-03
1.961441243519999944e+03 4.826779666666780599e-03
1.961482106834999968e+03 5.884158666666694515e-03
1.961502538492999975e+03 5.315942666666684246e-03
1.961522970251000061e+03 3.983347666666858800e-03
1.961543401909000067e+03 2.725736666666866981e-03
1.961563833567000074e+03 4.284507666666881320e-03
1.961584265226000070e+03 5.446764666666714660e-03
1.961604696884000077e+03 3.413297666666759156e-03
1.961625128543000073e+03 3.209522666666853041e-03
1.961645560202000070e+03 1.833295666666678869e-03
1.961665991861000066e+03 6.468635666666777695e-03
1.961686423619999914e+03 1.631477666666825144e-03
1.961747718599000109e+03 1.193478666666747401e-03
1.961768150159000015e+03 1.625513666666744683e-03
1.961788581919000080e+03 1.820689666666819306e-03
1.961809013579000066e+03 9.073206666667665843e-04
1.961829445138999972e+03 -7.276833333325072317e-05
1.961849876900000027e+03 3.253248666666763711e-03
1.961870308459999933e+03 -3.288193333332856128e-04
1.961890740120999908e+03 -1.226978333333184068e-03
1.961911171881999962e+03 2.586725666666733758e-03
1.961931603443000085e+03 -2.745067333333239823e-03
1.961992898427000000e+03 -3.579837333333224514e-03
1.962013330189000044e+03 -3.854712333333232266e-03
1.962033761851000008e+03 -4.908731333333249403e-03
1.962054193512999973e+03 -4.264148333333217522e-03
1.962074625174999937e+03 -4.546456333333170896e-03
1.962095056837999891e+03 1.383323666666713692e-03
1.962115488599999935e+03 -6.398485333333203684e-03
1.962135920163000037e+03 -6.439695333333217420e-03
1.962156351825999991e+03 -6.380059333333187865e-03
1.962176783589000024e+03 -7.081275333333247879e-03
1.962217646815000080e+03 -7.412429333333192538e-03
1.962238078579000103e+03 -6.912758333333157701e-03
1.962258510243000046e+03 -8.218488333333162643e-03
1.962278941806999910e+03 -1.627320625000039378e-03
1.962299373570999933e+03 -8.761346250000245917e-04
1.962319805235000103e+03 -2.327426625000073024e-03
1.962340236998999899e+03 -1.330811625000039022e-03
1.962360668563999980e+03 -3.023469624999997052e-03
1.962381100227999923e+03 -1.660093624999969819e-03
1.962401531992999935e+03 1.702734375000014566e-03
1.962421963558000016e+03 -1.637054624999967345e-03
1.962462826987999961e+03 -3.615480625000055959e-03
1.962483258554000031e+03 -3.059599625000020140e-03
1.962503690320000032e+03 -1.828313625000022036e-03
1.962524121885000113e+03 -1.737769625000051832e-03
1.962544553551000035e+03 -2.977002625000002567e-03
1.962564985317000037e+03 -1.313516625000010762e-03
1.962585416884000097e+03 -1.651796625000034879e-03
1.962605848550000019e+03 -7.865546249999910700e-04
1.962626280317000010e+03 -1.191830625000056543e-03
1.962646711884000069e+03 -2.764196250000239274e-04
1.962667143651000060e+03 -1.362056250000520663e-04
1.962708006985000111e+03 1.417111375000001949e-03
1.962728438653000012e+03 5.906623749999395656e-04
1.962748870319999924e+03 5.331743750000006443e-04
1.962769301988000052e+03 8.763213749999332336e-04
1.962789733655999953e+03 1.789691374999957674e-03
1.962810165324000081e+03 2.816168374999983293e-03
1.962830596992999972e+03 3.136121374999967237e-03
1.962851028760999952e+03 3.975514374999988831e-03
1.962891892097999971e+03 4.305254374999956113e-03
1.962912323767000089e+03 4.621108374999960411e-03
1.962953187106000087e+03 8.505363749999883538e-04
1.962973618774999977e+03 3.030330375000001020e-03
1.962994050345000005e+03 3.825763374999957556e-03
1.963014482114999964e+03 4.724655374999997548e-03
1.963034913785000072e+03 5.204344374999947398e-03
1.963055345555000031e+03 4.628887375000001470e-03
1.963075777126000048e+03 6.113540374999892890e-03
1.963096208795999928e+03 6.420426375000065633e-03
1.963116640467000025e+03 6.278657374999996321e-03
1.963137072137999894e+03 6.449092375000020638e-03
1.963157503808999991e+03 6.255485374999869563e-03
1.963198367150999957e+03 4.948594374999948364e-03
1.963218798922999895e+03 4.552819374999961255e-03
1.963239230494999902e+03 5.490945374999944839e-03
1.963259662165999998e+03 4.797611375000010447e-03
1.963280093937999936e+03 3.423753375000004873e-03
1.963300525510999933e+03 3.656208375000025157e-03
1.963320957183000019e+03 4.376269375000019224e-03
1.963341388955999946e+03 3.349124375000012144e-03
1.963361820528999942e+03 5.470532374999947933e-03
1.963382252201000028e+03 2.691536374999969894e-03
1.963402683974999945e+03 3.032602375000026385e-03
1.963463978994999934e+03 -3.208030624999969049e-03
1.963484410668999999e+03 -4.658799625000042965e-03
1.963504842343000064e+03 -4.360545624999989656e-03
1.963525274016999902e+03 -2.277383625000073408e-03
1.963545705690999966e+03 -2.571254625000074512e-03
1.963566137466000100e+03 -2.005652625000076128e-03
1.963586569041000075e+03 -3.788406625000018124e-03
1.963607000814999992e+03 -3.292806624999977672e-03
1.963627432490000047e+03 -3.512151625000070609e-03
1.963647864066000011e+03 -3.247333625000070612e-03
1.963688727516999961e+03 -5.461794625000071512e-03
1.963709159091999936e+03 -4.933625624999993242e-03
1.963729590868000059e+03 -5.639150624999977879e-03
1.963750022544000103e+03 -7.045050625000048861e-03
1.963770454220999909e+03 -5.427101625000041452e-03
1.963790885896999953e+03 -5.475210625000004327e-03
1.963811317573999986e+03 -5.353120625000040711e-03
1.963831749251000019e+03 -7.133967625000070534e-03
1.963852180928000053e+03 -6.110630625000057492e-03
1.963872612605000086e+03 -5.660010624999989304e-03
1.963893044281999892e+03 -3.116748624999998718e-03
1.963954339314999970e+03 -9.651700478873315170e-03
1.963974770993999982e+03 -9.892882478873321617e-03
1.963995202772000084e+03 -8.936928478873285009e-03
1.964036066029000040e+03 -9.293631478873298768e-03
1.964056497807999904e+03 -9.828339478873293622e-03
1.964076929486999916e+03 -7.534720478873269123e-03
1.964097361066000076e+03 -5.751512478873288536e-03
1.964117792844999940e+03 -7.577402478873285219e-03
1.964138224524999941e+03 -6.737248478873247848e-03
1.964199519563999957e+03 -7.145041478873292995e-03
1.964219951345000027e+03 -6.704536478873257543e-03
1.964240382924999949e+03 -6.079467478873334940e-03
1.964260814605999940e+03 -6.665397478873291703e-03
1.964281246387000010e+03 -6.788309478873322256e-03
1.964301677967999922e+03 -3.967537478873239820e-03
1.964322109748999992e+03 -2.635651478873235476e-03
1.964342541429999983e+03 -3.013184478873331962e-03
1.964362973012000111e+03 -2.872652478873249926e-03
1.964383404792999954e+03 -2.730762478873272059e-03
1.964424268058000052e+03 -1.157458478873274466e-03
1.964444699840000112e+03 -1.163242478873338648e-03
1.964465131522000092e+03 -1.236779478873240024e-03
1.964485563304999914e+03 2.589685211267234166e-04
1.964505994888000032e+03 1.083480521126722884e-03
1.964526426470999922e+03 9.729255211267107128e-04
1.964546858253999972e+03 1.697023521126661549e-03
1.964567289936999941e+03 3.032069521126667944e-03
1.964587721620999901e+03 2.529051521126812752e-03
1.964608153305000087e+03 3.481230521126810196e-03
1.964628584989000046e+03 3.892367521126760543e-03
1.964689880041999913e+03 7.959975211266900885e-04
1.964710311826999941e+03 1.182214521126656592e-03
1.964730743511999890e+03 5.619275211267149572e-04
1.964751175096999987e+03 2.798210521126720529e-03
1.964771606882000015e+03 3.613881521126738328e-03
1.964792038566999963e+03 4.645654521126751924e-03
1.964812470153000049e+03 5.802111521126751548e-03
1.964832901939000067e+03 6.536888521126660301e-03
1.964853333625000005e+03 4.871892521126741649e-03
1.964873765411000022e+03 4.723907521126613496e-03
1.964914628684000036e+03 3.166418521126757035e-03
1.964935060471000043e+03 4.103531521126746462e-03
1.964955492057999891e+03 5.951203521126768869e-03
1.964975923745000046e+03 5.441123521126800533e-03
1.964996355533000042e+03 5.095300521126611137e-03
1.965016787119999890e+03 4.913575521126811729e-03
1.965037218908000114e+03 5.898551521126615960e-03
1.965057650596000030e+03 5.397932521126747041e-03
1.965078082184000095e+03 5.648993521126688400e-03
1.965098513972000092e+03 3.967428521126747931e-03
1.965118945660999998e+03 5.255435521126616827e-03
1.965159809039000038e+03 3.956578521126741244e-03
1.965180240628000092e+03 2.873807521126647835e-03
1.965200672417000078e+03 3.386346521126681886e-03
1.965221104105999984e+03 4.095463521126663231e-03
1.965241535696000028e+03 2.664288521126656484e-03
1.965261967486000003e+03 3.146363521126738227e-03
1.965282399175999899e+03 2.648688521126651985e-03
1.965302830866000022e+03 2.274231521126712785e-03
1.965323262556999907e+03 1.933090521126668015e-03
1.965343694247000030e+03 2.919745521126615451e-03
1.965364125937999916e+03 2.196030521126712820e-03
1.965404989320999903e+03 -1.812599478873244685e-03
1.965425421112000095e+03 -7.677344788732387570e-04
1.965445852803999969e+03 9.327405211266848184e-04
1.965466284395000002e+03 -1.085631478873305689e-03
1.965486716186999956e+03 -9.193194788732483858e-04
1.965507147880000048e+03 -1.489326478873342907e-03
1.965527579472000070e+03 -1.652622478873322365e-03
1.965548011265000014e+03 -2.720624478873334695e-03
1.965568442956999888e+03 -2.534427478873335637e-03
1.965588874750000059e+03 2.068808527777799000e-03
1.965609306344000061e+03 4.388646527777817496e-03
1.965650169831000085e+03 -1.672270472222181503e-03
1.965670601424000097e+03 -1.032711472222169746e-03
1.965691033118999940e+03 -8.701547222222938416e-05
1.965711464913000100e+03 -2.531144722222045118e-04
1.965731896507000101e+03 -1.657619472222204848e-03
1.965752328302000024e+03 -1.083024472222193779e-03
1.965772759996000104e+03 -2.590774722222022319e-04
1.965793191591000095e+03 -1.273967472222192754e-03
1.965813623387000007e+03 -1.908062472222193939e-03
1.965834054981999998e+03 -1.727183472222226790e-03
1.965854486678000058e+03 -7.502994722221600910e-04
1.965915781766000009e+03 -4.010468472222195047e-03
1.965936213561999921e+03 -3.797158472222172954e-03
1.965956645258999970e+03 -3.358274472222144702e-03
1.965977076955000030e+03 -3.492683472222202212e-03
1.965997508652000079e+03 -3.033114472222209201e-03
1.966017940348999900e+03 -4.929118472222215885e-03
1.966038372046999939e+03 -3.925072472222179698e-03
1.966058803744999977e+03 -4.587781472222163259e-03
1.966079235442000027e+03 -3.075656472222187965e-03
1.966099667239999917e+03 -2.115435472222149116e-03
1.966140530636999983e+03 -3.740081472222156478e-03
1.966160962336000011e+03 -2.650595472222128102e-03
1.966181393933999971e+03 -2.127564472222176484e-03
1.966201825733000078e+03 -1.588487472222177566e-03
1.966222257433000095e+03 -1.484613472222173769e-03
1.966242689032000044e+03 -7.954874722221338956e-04
1.966263120831999913e+03 6.971665277778482661e-04
1.966283552530999941e+03 -6.503474722221458393e-04
1.966303984331000038e+03 -1.109981472222187904e-03
1.966324415931999965e+03 -1.024723472222155429e-03
1.966344847631999983e+03 1.878839527777786955e-03
1.966385711033999996e+03 1.065176527777822457e-03
1.966406142735000003e+03 4.214376527777785597e-03
1.966426574536000089e+03 5.351325277778151701e-04
1.966447006137000017e+03 2.189876527777800952e-03
1.966467437939000092e+03 2.481315527777860908e-03
1.966487869541000009e+03 2.655893527777841712e-03
1.966508301243000005e+03 2.998468527777853332e-03
1.966528733045000081e+03 3.618735527777805494e-03
1.966549164647999987e+03 3.991580527777816023e-03
1.966569596350999973e+03 4.985854527777777712e-03
1.966590028154000038e+03 5.893374527777828220e-03
1.966630891459999930e+03 4.803181527777811155e-03
1.966651323262999995e+03 5.517718527777826232e-03
1.966671754966999970e+03 4.606718527777831085e-03
1.966692186670999945e+03 4.836606527777842501e-03
1.966712618374999920e+03 4.848926527777797091e-03
1.966733050080000112e+03 5.578935527777773018e-03
1.966753481883999939e+03 4.234561527777791490e-03
1.966773913489000051e+03 4.286028527777818731e-03
1.966794345194000016e+03 4.216105527777846973e-03
1.966814776999000060e+03 5.350268527777868321e-03
1.966835208604999934e+03 3.433077527777772531e-03
1.966896503722000034e+03 -1.926224722221814289e-04
1.966916935529000057e+03 -2.946534722221283431e-04
1.966937367235000011e+03 1.659714527777800264e-03
1.966957798842000102e+03 1.049123527777862108e-03
1.966978230648999897e+03 -5.288494722222036870e-04
1.966998662356000068e+03 -5.514544722221570439e-04
1.967019094163000091e+03 -3.346544722221400647e-04
1.967039525770999944e+03 -9.773504722221382224e-04
1.967059957477999887e+03 -2.030884472222216353e-03
1.967080389186000048e+03 -2.772674472222180775e-03
1.967121252602999903e+03 -4.472850472222122953e-03
1.967141684311000063e+03 -4.689621472222182952e-03
1.967162116019999985e+03 -4.405555472222211222e-03
1.967182547828999986e+03 -5.472767472222139773e-03
1.967202979438000057e+03 -4.625429472222220006e-03
1.967223411147999968e+03 -3.533852472222154262e-03
1.967243842957999959e+03 -5.827701830985909659e-03
1.967264274567000029e+03 -6.255095830985935024e-03
1.967284706276999941e+03 -6.858790830985950215e-03
1.967305138087999921e+03 -6.641019830985972483e-03
1.967325569798000060e+03 -6.653378830985934300e-03
1.967386864930999991e+03 -8.423564830985941221e-03
1.967407296742999961e+03 -8.056015830985918669e-03
1.967427728354000010e+03 -7.855270830985916497e-03
1.967448160065999900e+03 -7.307439830985917872e-03
1.967468591878000097e+03 -8.632433830985886125e-03
1.967489023489999909e+03 -7.687767830985903217e-03
1.967509455203000016e+03 -7.632961830985940388e-03
1.967529887014999986e+03 -6.646123830985950498e-03
1.967550318628000014e+03 -7.574794830985887018e-03
1.967570750440999973e+03 -5.147897830985903589e-03
1.967611613768000097e+03 -7.257410830985966399e-03
1.967632045582000046e+03 -6.560537830985979646e-03
1.967652477295999915e+03 -7.055749830985891258e-03
1.967672908909999933e+03 -5.770261830985945473e-03
1.967693340725000098e+03 -7.807872830985940205e-03
1.967713772438999968e+03 -4.493443830985932586e-03
1.967734204154000054e+03 -5.172208830985902672e-03
1.967754635868999912e+03 -6.184863830985931621e-03
1.967775067584999988e+03 4.963361690141221416e-04
1.967795499399999926e+03 -4.038465830985882299e-03
1.967815931015999922e+03 -1.660034830985979148e-03
1.967877226163999921e+03 -3.956131830985976094e-03
1.967897657981000066e+03 -2.074626830985915049e-03
1.967918089697999903e+03 -2.406629830985940188e-03
1.967938521314999889e+03 -2.550622830985949108e-03
1.967958953132000033e+03 -1.962869830985924935e-03
1.967979384850000088e+03 -1.728275830985892547e-03
1.967999816467000073e+03 -2.735848309859401084e-04
1.968020248284999980e+03 1.083449169014039093e-03
1.968040680003000034e+03 -1.967218309859575243e-04
1.968061111621999999e+03 2.058337169014046175e-03
1.968101975158999949e+03 2.149187169014021848e-03
1.968122406978000072e+03 1.592319169014033697e-03
1.968142838597000036e+03 3.110733169014112676e-03
1.968163270317000070e+03 3.458129169014112492e-03
1.968183702136999955e+03 3.710094169014022114e-03
1.968204133756999909e+03 5.066960169014089743e-03
1.968224565476999942e+03 4.792279169014035389e-03
1.968244997297000054e+03 4.129650169014120742e-03
1.968265428917999998e+03 4.732481169014035594e-03
1.968285860739000100e+03 6.161165169013993470e-03
1.968306292459999895e+03 6.428724169014077283e-03
1.968367587623999952e+03 4.053981169014120312e-03
1.968388019345999965e+03 4.242343169014062276e-03
1.968408451068999966e+03 5.105204169014054827e-03
1.968428882790999978e+03 8.623618169014135582e-03
1.968449314513999980e+03 9.099411169014026690e-03
1.968469746235999992e+03 6.745334169014127745e-03
1.968490177959999983e+03 7.113659169014074912e-03
1.968510609682999984e+03 7.952751169014171673e-03
1.968531041405999986e+03 6.409131169014092855e-03
1.968551473129999977e+03 5.386007169014050966e-03
1.968592336577999959e+03 4.798548169014038578e-03
1.968612768403000018e+03 4.894920169014049804e-03
1.968633200127999999e+03 5.785517169014098293e-03
1.968653631752999900e+03 5.230269169014034603e-03
1.968674063577999959e+03 5.305969169014046471e-03
1.968694495302999940e+03 4.428024169014110889e-03
1.968714926929000057e+03 5.406728169014107799e-03
1.968735358753999890e+03 5.463499169014118806e-03
1.968755790481000076e+03 4.582040169014089948e-03
1.968776222106999967e+03 4.486643169014037369e-03
1.968796653933000016e+03 4.634582169014023201e-03
1.968837517487000014e+03 2.890175169014019829e-03
1.968857949113999894e+03 3.870099169014040719e-03
1.968878380842000070e+03 2.872271169014117831e-03
1.968898812669000108e+03 5.612897277777695315e-03
1.968919244296999977e+03 5.587526277777699057e-03
1.968939676024999926e+03 5.001823277777650567e-03
1.968960107853999943e+03 4.799209277777660709e-03
1.968980539482000040e+03 4.667551277777737262e-03
1.969000971311000058e+03 6.816310277777737348e-03
1.969021403039999996e+03 5.874236277777722393e-03
1.969041834669000082e+03 3.978847277777641800e-03
1.969082698229000016e+03 1.603643277777733189e-03
1.969103129859000092e+03 8.970827777765588706e-05
1.969123561689000098e+03 9.655172777777165649e-04
1.969143993419000026e+03 1.068983277777713070e-03
1.969164425149999943e+03 7.112112777777346295e-04
1.969184856881000087e+03 1.669136277777649724e-03
1.969205288612000004e+03 -1.131467222222903857e-04
1.969225720343999910e+03 7.737342777777156400e-04
1.969246152075000055e+03 -2.487607222223520154e-04
1.969266583806999961e+03 1.925354277777735490e-03
1.969287015638999947e+03 1.356490277777733233e-03
1.969327879003999897e+03 -1.256105722222344845e-03
1.969348310837000099e+03 -1.063552722222360636e-03
1.969368742469999916e+03 -2.784528722222345820e-03
1.969389174302999891e+03 -2.343954722222263420e-03
1.969409606037000003e+03 -3.143806722222364236e-03
1.969430037670000047e+03 -1.954726722222299706e-03
1.969450469504000012e+03 -2.168786722222315611e-03
1.969470901237999897e+03 -2.078251722222312914e-03
1.969491332872999919e+03 -2.456132722222337250e-03
1.969511764708000101e+03 -6.166010722222337037e-03
1.969532196441999986e+03 -2.190601722222296210e-03
1.969573059912999952e+03 -4.946820722222300404e-03
1.969593491649000043e+03 -5.599456722222284633e-03
1.969613923483999997e+03 -5.790212722222354280e-03
1.969634355120999999e+03 -4.609258722222286941e-03
1.969654786857000090e+03 -4.546735722222305931e-03
1.969675218693000033e+03 -3.381167722222300220e-03
1.969695650330000035e+03 -5.285341722222280936e-03
1.969716082166999968e+03 -1.248569722222314660e-03
1.969736513905000038e+03 -2.182752722222347508e-03
1.969756945542000039e+03 -3.177772722222305113e-03
1.969777377379999962e+03 -1.416870722222296486e-03
1.969838672594999935e+03 -3.201245722222356704e-03
1.969859104333999994e+03 -2.244038722222341242e-03
1.969879535972999975e+03 -2.537900722222263816e-03
1.969899967812000114e+03 -1.851893722222275329e-03
1.969920399550999946e+03 -4.995472222235619597e-05
1.969940831391000074e+03 -7.417947222223553183e-04
1.969961263031000044e+03 -8.505547222222853421e-04
1.969981694771000093e+03 1.020866277777643383e-03
1.970002126610999994e+03 1.769783277777658981e-03
1.970022558251999953e+03 6.599452777776848578e-04
1.970104285316999949e+03 -7.656857222223534265e-04
1.970124717058999977e+03 -1.726487222223349605e-04
1.970145148700999925e+03 -6.149257222223258879e-04
1.970165580543000033e+03 -1.557347222223004479e-04
1.970186012286000050e+03 1.740732777776310414e-04
1.970206443928999988e+03 -2.554907222223068430e-04
1.970226875772000085e+03 1.372154277777704046e-03
1.970247307515000102e+03 3.210358277777713987e-03
1.970267739358999961e+03 3.587789277777697627e-03
1.970288171002999889e+03 1.606766277777671448e-03
1.970308602746999895e+03 2.861154277777666621e-03
1.970329034590999981e+03 2.014225277777725864e-03
1.970349466235999898e+03 3.559995277777727729e-03
1.970369897979999905e+03 2.767775277777717591e-03
1.970390329824999981e+03 1.913033277777698160e-03
1.970410761570999966e+03 1.681531277777703615e-03
1.970431193315999963e+03 1.575102777776615781e-04
1.970451624962000096e+03 1.594419277777703314e-03
1.970472056708000082e+03 7.143302777776749934e-04
1.970492488553999920e+03 5.132342777777187948e-04
1.970512920300999895e+03 -8.592972222232209134e-05
1.970553783795000072e+03 3.161714647887947649e-04
1.970574215542000047e+03 -3.939795352112529514e-04
1.970594647188999943e+03 4.096746478876589492e-05
1.970615079036999987e+03 -1.717719535211159609e-03
1.970635510784999951e+03 -9.267365352112477694e-04
1.970655942632999995e+03 -1.440621535211183968e-03
1.970676374282000097e+03 -2.493458535211212634e-03
1.970696806031000051e+03 -2.291071535211242072e-03
1.970717237880000084e+03 -3.515752535211191798e-03
1.970737669528999959e+03 -3.526707535211226485e-03
1.970758101277999913e+03 -4.225294535211254754e-03
1.970798964778000027e+03 -8.526488535211207420e-03
1.970819396628000050e+03 -7.767925535211217536e-03
1.970839828378999982e+03 -6.861076535211174665e-03
1.970860260030000063e+03 -5.829888535211158462e-03
1.970880691881000075e+03 -6.249989535211164515e-03
1.970901123632000008e+03 -5.525034535211248432e-03
1.970921555283000089e+03 -6.229005535211218358e-03
1.970941987135000090e+03 -5.634111535211205890e-03
1.970962418887000013e+03 -6.959695535211252171e-03
1.970982850739000014e+03 -6.492111535211231299e-03
1.971003282392000074e+03 -6.195164535211183932e-03
1.971044145896999908e+03 -5.961168535211225361e-03
1.971064577750999888e+03 -6.542240535211241159e-03
1.971085009403999948e+03 -6.541317535211255141e-03
1.971105441158000076e+03 -6.523657535211224712e-03
1.971125872911999977e+03 -6.200649535211155694e-03
1.971146304666000105e+03 -6.102606535211219096e-03
1.971166736521000075e+03 -5.599231535211246502e-03
1.971187168175999886e+03 -5.386196535211218439e-03
1.971207600030000094e+03 -4.571010535211250669e-03
1.971228031785999974e+03 -3.527549535211171872e-03
1.971248463441000013e+03 -2.273825535211160265e-03
1.971309758709000107e+03 -6.119566535211173886e-03
1.971330190566000056e+03 -5.590846535211246859e-03
1.971371054180000101e+03 -3.138604535211197977e-03
1.971391485836999891e+03 -3.133766535211246484e-03
1.971411917594999977e+03 -2.373408535211174453e-03
1.971432349451999926e+03 -2.227813535211176088e-03
1.971452781110999922e+03 -2.040111535211219795e-03
1.971473212869000008e+03 -2.835653521116032749e-05
1.971493644727999936e+03 1.203381464788821908e-03
1.971554940004999935e+03 -2.244753535211252427e-03
1.971575371764000010e+03 -2.452841535211192081e-03
1.971595803524000075e+03 -1.996901535211148548e-03
1.971616235283999913e+03 -3.636555352112269546e-04
1.971636667044999967e+03 8.034454647888322754e-04
1.971657098805000032e+03 3.537695464788770394e-03
1.971677530566000087e+03 3.028130464788780785e-03
1.971697962326999914e+03 3.624651464788741784e-03
1.971718394088999958e+03 3.098125464788825667e-03
1.971738825851000001e+03 6.059248464788780097e-03
1.971759257613000045e+03 5.829291464788832755e-03
1.971779689375000089e+03 6.949163464788798983e-03
1.971800121136999906e+03 5.735591464788747373e-03
1.971820553000000018e+03 6.923531464788745815e-03
1.971840984662999972e+03 8.664888464788744749e-03
1.971861416426000005e+03 9.579750464788761022e-03
1.971881848290000107e+03 9.227585464788745639e-03
1.971902279953000061e+03 8.353092464788769433e-03
1.971922711816999936e+03 1.062286746478879884e-02
1.971943143581999948e+03 1.154713446478883299e-02
1.971963575245999891e+03 1.046016246478875811e-02
1.971984007110999983e+03 1.038199146478879786e-02
1.972045302407000008e+03 7.314810464788767952e-03
1.972065734173000010e+03 8.095297464788764330e-03
1.972086166039000091e+03 8.773709464788836954e-03
1.972106597705000013e+03 8.483913464788828129e-03
1.972127029472000004e+03 8.096320464788808735e-03
1.972147461339000074e+03 9.816063464788804538e-03
1.972167893005999986e+03 7.174931464788758539e-03
